epoch:0
meta_reward = [-87595.74045138889]
meta_std = [2556.8887652365243]
================================================================================================

epoch:1
meta_reward = [-87595.74045138889, -100884.8611111111]
meta_std = [2556.8887652365243, 5184.772765456074]
================================================================================================

epoch:2
meta_reward = [-87595.74045138889, -100884.8611111111, -103446.09409722223]
meta_std = [2556.8887652365243, 5184.772765456074, 1623.1800515207256]
================================================================================================

epoch:3
meta_reward = [-87595.74045138889, -100884.8611111111, -103446.09409722223, -102164.29444444443]
meta_std = [2556.8887652365243, 5184.772765456074, 1623.1800515207256, 545.3912542750204]
================================================================================================

epoch:4
meta_reward = [-87595.74045138889, -100884.8611111111, -103446.09409722223, -102164.29444444443, -109090.14479166667]
meta_std = [2556.8887652365243, 5184.772765456074, 1623.1800515207256, 545.3912542750204, 1114.3067131275948]
================================================================================================

epoch:5
meta_reward = [-87595.74045138889, -100884.8611111111, -103446.09409722223, -102164.29444444443, -109090.14479166667, -104099.14270833334]
meta_std = [2556.8887652365243, 5184.772765456074, 1623.1800515207256, 545.3912542750204, 1114.3067131275948, 2183.07287844472]
================================================================================================

epoch:6
meta_reward = [-87595.74045138889, -100884.8611111111, -103446.09409722223, -102164.29444444443, -109090.14479166667, -104099.14270833334, -104615.74375]
meta_std = [2556.8887652365243, 5184.772765456074, 1623.1800515207256, 545.3912542750204, 1114.3067131275948, 2183.07287844472, 2616.0587012410706]
================================================================================================

epoch:7
meta_reward = [-87595.74045138889, -100884.8611111111, -103446.09409722223, -102164.29444444443, -109090.14479166667, -104099.14270833334, -104615.74375, -91784.62812500002]
meta_std = [2556.8887652365243, 5184.772765456074, 1623.1800515207256, 545.3912542750204, 1114.3067131275948, 2183.07287844472, 2616.0587012410706, 900.7319116621557]
================================================================================================

epoch:8
meta_reward = [-87595.74045138889, -100884.8611111111, -103446.09409722223, -102164.29444444443, -109090.14479166667, -104099.14270833334, -104615.74375, -91784.62812500002, -100366.21354166667]
meta_std = [2556.8887652365243, 5184.772765456074, 1623.1800515207256, 545.3912542750204, 1114.3067131275948, 2183.07287844472, 2616.0587012410706, 900.7319116621557, 3623.2253731206506]
================================================================================================

epoch:9
meta_reward = [-87595.74045138889, -100884.8611111111, -103446.09409722223, -102164.29444444443, -109090.14479166667, -104099.14270833334, -104615.74375, -91784.62812500002, -100366.21354166667, -98491.25243055557]
meta_std = [2556.8887652365243, 5184.772765456074, 1623.1800515207256, 545.3912542750204, 1114.3067131275948, 2183.07287844472, 2616.0587012410706, 900.7319116621557, 3623.2253731206506, 3833.037506642348]
================================================================================================

epoch:10
meta_reward = [-87595.74045138889, -100884.8611111111, -103446.09409722223, -102164.29444444443, -109090.14479166667, -104099.14270833334, -104615.74375, -91784.62812500002, -100366.21354166667, -98491.25243055557, -93957.21909722222]
meta_std = [2556.8887652365243, 5184.772765456074, 1623.1800515207256, 545.3912542750204, 1114.3067131275948, 2183.07287844472, 2616.0587012410706, 900.7319116621557, 3623.2253731206506, 3833.037506642348, 1953.6377214379625]
================================================================================================

epoch:11
meta_reward = [-87595.74045138889, -100884.8611111111, -103446.09409722223, -102164.29444444443, -109090.14479166667, -104099.14270833334, -104615.74375, -91784.62812500002, -100366.21354166667, -98491.25243055557, -93957.21909722222, -99590.6451388889]
meta_std = [2556.8887652365243, 5184.772765456074, 1623.1800515207256, 545.3912542750204, 1114.3067131275948, 2183.07287844472, 2616.0587012410706, 900.7319116621557, 3623.2253731206506, 3833.037506642348, 1953.6377214379625, 2938.8245447905147]
================================================================================================

epoch:12
meta_reward = [-87595.74045138889, -100884.8611111111, -103446.09409722223, -102164.29444444443, -109090.14479166667, -104099.14270833334, -104615.74375, -91784.62812500002, -100366.21354166667, -98491.25243055557, -93957.21909722222, -99590.6451388889, -99315.934375]
meta_std = [2556.8887652365243, 5184.772765456074, 1623.1800515207256, 545.3912542750204, 1114.3067131275948, 2183.07287844472, 2616.0587012410706, 900.7319116621557, 3623.2253731206506, 3833.037506642348, 1953.6377214379625, 2938.8245447905147, 1647.1963988494927]
================================================================================================

