epoch:0
meta_reward = [10.613275082906087]
meta_std = [5.808835411079595]
================================================================================================

epoch:1
meta_reward = [10.613275082906087, 10.858850193023681]
meta_std = [5.808835411079595, 4.020603273107622]
================================================================================================

epoch:2
meta_reward = [10.613275082906087, 10.858850193023681, 14.032559352450901]
meta_std = [5.808835411079595, 4.020603273107622, 2.7771492690581203]
================================================================================================

epoch:3
meta_reward = [10.613275082906087, 10.858850193023681, 14.032559352450901, 12.20209024217394]
meta_std = [5.808835411079595, 4.020603273107622, 2.7771492690581203, 2.770249196452573]
================================================================================================

epoch:4
meta_reward = [10.613275082906087, 10.858850193023681, 14.032559352450901, 12.20209024217394, 8.928914313846166]
meta_std = [5.808835411079595, 4.020603273107622, 2.7771492690581203, 2.770249196452573, 3.826512578474713]
================================================================================================

epoch:5
meta_reward = [10.613275082906087, 10.858850193023681, 14.032559352450901, 12.20209024217394, 8.928914313846166, 8.373025650448268]
meta_std = [5.808835411079595, 4.020603273107622, 2.7771492690581203, 2.770249196452573, 3.826512578474713, 1.351507205033096]
================================================================================================

epoch:6
meta_reward = [10.613275082906087, 10.858850193023681, 14.032559352450901, 12.20209024217394, 8.928914313846166, 8.373025650448268, 9.25987556245592]
meta_std = [5.808835411079595, 4.020603273107622, 2.7771492690581203, 2.770249196452573, 3.826512578474713, 1.351507205033096, 3.5908899592349006]
================================================================================================

epoch:7
meta_reward = [10.613275082906087, 10.858850193023681, 14.032559352450901, 12.20209024217394, 8.928914313846166, 8.373025650448268, 9.25987556245592, 14.09209861755371]
meta_std = [5.808835411079595, 4.020603273107622, 2.7771492690581203, 2.770249196452573, 3.826512578474713, 1.351507205033096, 3.5908899592349006, 1.252231835860067]
================================================================================================

epoch:8
meta_reward = [10.613275082906087, 10.858850193023681, 14.032559352450901, 12.20209024217394, 8.928914313846166, 8.373025650448268, 9.25987556245592, 14.09209861755371, 14.653267033894855]
meta_std = [5.808835411079595, 4.020603273107622, 2.7771492690581203, 2.770249196452573, 3.826512578474713, 1.351507205033096, 3.5908899592349006, 1.252231835860067, 0.843424255861394]
================================================================================================

epoch:9
meta_reward = [10.613275082906087, 10.858850193023681, 14.032559352450901, 12.20209024217394, 8.928914313846166, 8.373025650448268, 9.25987556245592, 14.09209861755371, 14.653267033894855, 10.336800066630046]
meta_std = [5.808835411079595, 4.020603273107622, 2.7771492690581203, 2.770249196452573, 3.826512578474713, 1.351507205033096, 3.5908899592349006, 1.252231835860067, 0.843424255861394, 0.8494021704031983]
================================================================================================

epoch:10
meta_reward = [10.613275082906087, 10.858850193023681, 14.032559352450901, 12.20209024217394, 8.928914313846166, 8.373025650448268, 9.25987556245592, 14.09209861755371, 14.653267033894855, 10.336800066630046, 20.669366794162325]
meta_std = [5.808835411079595, 4.020603273107622, 2.7771492690581203, 2.770249196452573, 3.826512578474713, 1.351507205033096, 3.5908899592349006, 1.252231835860067, 0.843424255861394, 0.8494021704031983, 1.2221423387234476]
================================================================================================

epoch:11
meta_reward = [10.613275082906087, 10.858850193023681, 14.032559352450901, 12.20209024217394, 8.928914313846166, 8.373025650448268, 9.25987556245592, 14.09209861755371, 14.653267033894855, 10.336800066630046, 20.669366794162325, 10.787141566806367]
meta_std = [5.808835411079595, 4.020603273107622, 2.7771492690581203, 2.770249196452573, 3.826512578474713, 1.351507205033096, 3.5908899592349006, 1.252231835860067, 0.843424255861394, 0.8494021704031983, 1.2221423387234476, 1.1498933689755633]
================================================================================================

epoch:12
meta_reward = [10.613275082906087, 10.858850193023681, 14.032559352450901, 12.20209024217394, 8.928914313846166, 8.373025650448268, 9.25987556245592, 14.09209861755371, 14.653267033894855, 10.336800066630046, 20.669366794162325, 10.787141566806367, 26.130992465549046]
meta_std = [5.808835411079595, 4.020603273107622, 2.7771492690581203, 2.770249196452573, 3.826512578474713, 1.351507205033096, 3.5908899592349006, 1.252231835860067, 0.843424255861394, 0.8494021704031983, 1.2221423387234476, 1.1498933689755633, 2.1969245235544546]
================================================================================================

epoch:13
meta_reward = [10.613275082906087, 10.858850193023681, 14.032559352450901, 12.20209024217394, 8.928914313846166, 8.373025650448268, 9.25987556245592, 14.09209861755371, 14.653267033894855, 10.336800066630046, 20.669366794162325, 10.787141566806367, 26.130992465549046, 24.551795111762154]
meta_std = [5.808835411079595, 4.020603273107622, 2.7771492690581203, 2.770249196452573, 3.826512578474713, 1.351507205033096, 3.5908899592349006, 1.252231835860067, 0.843424255861394, 0.8494021704031983, 1.2221423387234476, 1.1498933689755633, 2.1969245235544546, 3.3155534831926174]
================================================================================================

epoch:14
meta_reward = [10.613275082906087, 10.858850193023681, 14.032559352450901, 12.20209024217394, 8.928914313846166, 8.373025650448268, 9.25987556245592, 14.09209861755371, 14.653267033894855, 10.336800066630046, 20.669366794162325, 10.787141566806367, 26.130992465549046, 24.551795111762154, 17.138614188300235]
meta_std = [5.808835411079595, 4.020603273107622, 2.7771492690581203, 2.770249196452573, 3.826512578474713, 1.351507205033096, 3.5908899592349006, 1.252231835860067, 0.843424255861394, 0.8494021704031983, 1.2221423387234476, 1.1498933689755633, 2.1969245235544546, 3.3155534831926174, 1.6322403813513702]
================================================================================================

epoch:15
meta_reward = [10.613275082906087, 10.858850193023681, 14.032559352450901, 12.20209024217394, 8.928914313846166, 8.373025650448268, 9.25987556245592, 14.09209861755371, 14.653267033894855, 10.336800066630046, 20.669366794162325, 10.787141566806367, 26.130992465549046, 24.551795111762154, 17.138614188300235, 24.860649447970918]
meta_std = [5.808835411079595, 4.020603273107622, 2.7771492690581203, 2.770249196452573, 3.826512578474713, 1.351507205033096, 3.5908899592349006, 1.252231835860067, 0.843424255861394, 0.8494021704031983, 1.2221423387234476, 1.1498933689755633, 2.1969245235544546, 3.3155534831926174, 1.6322403813513702, 0.7085403779819636]
================================================================================================

epoch:16
meta_reward = [10.613275082906087, 10.858850193023681, 14.032559352450901, 12.20209024217394, 8.928914313846166, 8.373025650448268, 9.25987556245592, 14.09209861755371, 14.653267033894855, 10.336800066630046, 20.669366794162325, 10.787141566806367, 26.130992465549046, 24.551795111762154, 17.138614188300235, 24.860649447970918, 21.050695419311527]
meta_std = [5.808835411079595, 4.020603273107622, 2.7771492690581203, 2.770249196452573, 3.826512578474713, 1.351507205033096, 3.5908899592349006, 1.252231835860067, 0.843424255861394, 0.8494021704031983, 1.2221423387234476, 1.1498933689755633, 2.1969245235544546, 3.3155534831926174, 1.6322403813513702, 0.7085403779819636, 0.43340969440688976]
================================================================================================

epoch:17
meta_reward = [10.613275082906087, 10.858850193023681, 14.032559352450901, 12.20209024217394, 8.928914313846166, 8.373025650448268, 9.25987556245592, 14.09209861755371, 14.653267033894855, 10.336800066630046, 20.669366794162325, 10.787141566806367, 26.130992465549046, 24.551795111762154, 17.138614188300235, 24.860649447970918, 21.050695419311527, 28.280804951985676]
meta_std = [5.808835411079595, 4.020603273107622, 2.7771492690581203, 2.770249196452573, 3.826512578474713, 1.351507205033096, 3.5908899592349006, 1.252231835860067, 0.843424255861394, 0.8494021704031983, 1.2221423387234476, 1.1498933689755633, 2.1969245235544546, 3.3155534831926174, 1.6322403813513702, 0.7085403779819636, 0.43340969440688976, 0.33923587839092156]
================================================================================================

epoch:18
meta_reward = [10.613275082906087, 10.858850193023681, 14.032559352450901, 12.20209024217394, 8.928914313846166, 8.373025650448268, 9.25987556245592, 14.09209861755371, 14.653267033894855, 10.336800066630046, 20.669366794162325, 10.787141566806367, 26.130992465549046, 24.551795111762154, 17.138614188300235, 24.860649447970918, 21.050695419311527, 28.280804951985676, 29.45929506089952]
meta_std = [5.808835411079595, 4.020603273107622, 2.7771492690581203, 2.770249196452573, 3.826512578474713, 1.351507205033096, 3.5908899592349006, 1.252231835860067, 0.843424255861394, 0.8494021704031983, 1.2221423387234476, 1.1498933689755633, 2.1969245235544546, 3.3155534831926174, 1.6322403813513702, 0.7085403779819636, 0.43340969440688976, 0.33923587839092156, 1.0314269221842827]
================================================================================================

epoch:19
meta_reward = [10.613275082906087, 10.858850193023681, 14.032559352450901, 12.20209024217394, 8.928914313846166, 8.373025650448268, 9.25987556245592, 14.09209861755371, 14.653267033894855, 10.336800066630046, 20.669366794162325, 10.787141566806367, 26.130992465549046, 24.551795111762154, 17.138614188300235, 24.860649447970918, 21.050695419311527, 28.280804951985676, 29.45929506089952, 29.57964596218533]
meta_std = [5.808835411079595, 4.020603273107622, 2.7771492690581203, 2.770249196452573, 3.826512578474713, 1.351507205033096, 3.5908899592349006, 1.252231835860067, 0.843424255861394, 0.8494021704031983, 1.2221423387234476, 1.1498933689755633, 2.1969245235544546, 3.3155534831926174, 1.6322403813513702, 0.7085403779819636, 0.43340969440688976, 0.33923587839092156, 1.0314269221842827, 1.6864886012752998]
================================================================================================

epoch:20
meta_reward = [10.613275082906087, 10.858850193023681, 14.032559352450901, 12.20209024217394, 8.928914313846166, 8.373025650448268, 9.25987556245592, 14.09209861755371, 14.653267033894855, 10.336800066630046, 20.669366794162325, 10.787141566806367, 26.130992465549046, 24.551795111762154, 17.138614188300235, 24.860649447970918, 21.050695419311527, 28.280804951985676, 29.45929506089952, 29.57964596218533, 22.385504362318255]
meta_std = [5.808835411079595, 4.020603273107622, 2.7771492690581203, 2.770249196452573, 3.826512578474713, 1.351507205033096, 3.5908899592349006, 1.252231835860067, 0.843424255861394, 0.8494021704031983, 1.2221423387234476, 1.1498933689755633, 2.1969245235544546, 3.3155534831926174, 1.6322403813513702, 0.7085403779819636, 0.43340969440688976, 0.33923587839092156, 1.0314269221842827, 1.6864886012752998, 1.1685198116104267]
================================================================================================

epoch:21
meta_reward = [10.613275082906087, 10.858850193023681, 14.032559352450901, 12.20209024217394, 8.928914313846166, 8.373025650448268, 9.25987556245592, 14.09209861755371, 14.653267033894855, 10.336800066630046, 20.669366794162325, 10.787141566806367, 26.130992465549046, 24.551795111762154, 17.138614188300235, 24.860649447970918, 21.050695419311527, 28.280804951985676, 29.45929506089952, 29.57964596218533, 22.385504362318255, 26.126136991712787]
meta_std = [5.808835411079595, 4.020603273107622, 2.7771492690581203, 2.770249196452573, 3.826512578474713, 1.351507205033096, 3.5908899592349006, 1.252231835860067, 0.843424255861394, 0.8494021704031983, 1.2221423387234476, 1.1498933689755633, 2.1969245235544546, 3.3155534831926174, 1.6322403813513702, 0.7085403779819636, 0.43340969440688976, 0.33923587839092156, 1.0314269221842827, 1.6864886012752998, 1.1685198116104267, 2.3995764876184955]
================================================================================================

epoch:22
meta_reward = [10.613275082906087, 10.858850193023681, 14.032559352450901, 12.20209024217394, 8.928914313846166, 8.373025650448268, 9.25987556245592, 14.09209861755371, 14.653267033894855, 10.336800066630046, 20.669366794162325, 10.787141566806367, 26.130992465549046, 24.551795111762154, 17.138614188300235, 24.860649447970918, 21.050695419311527, 28.280804951985676, 29.45929506089952, 29.57964596218533, 22.385504362318255, 26.126136991712787, 24.407864973280166]
meta_std = [5.808835411079595, 4.020603273107622, 2.7771492690581203, 2.770249196452573, 3.826512578474713, 1.351507205033096, 3.5908899592349006, 1.252231835860067, 0.843424255861394, 0.8494021704031983, 1.2221423387234476, 1.1498933689755633, 2.1969245235544546, 3.3155534831926174, 1.6322403813513702, 0.7085403779819636, 0.43340969440688976, 0.33923587839092156, 1.0314269221842827, 1.6864886012752998, 1.1685198116104267, 2.3995764876184955, 0.7044168400557378]
================================================================================================

epoch:23
meta_reward = [10.613275082906087, 10.858850193023681, 14.032559352450901, 12.20209024217394, 8.928914313846166, 8.373025650448268, 9.25987556245592, 14.09209861755371, 14.653267033894855, 10.336800066630046, 20.669366794162325, 10.787141566806367, 26.130992465549046, 24.551795111762154, 17.138614188300235, 24.860649447970918, 21.050695419311527, 28.280804951985676, 29.45929506089952, 29.57964596218533, 22.385504362318255, 26.126136991712787, 24.407864973280166, 27.95405112372504]
meta_std = [5.808835411079595, 4.020603273107622, 2.7771492690581203, 2.770249196452573, 3.826512578474713, 1.351507205033096, 3.5908899592349006, 1.252231835860067, 0.843424255861394, 0.8494021704031983, 1.2221423387234476, 1.1498933689755633, 2.1969245235544546, 3.3155534831926174, 1.6322403813513702, 0.7085403779819636, 0.43340969440688976, 0.33923587839092156, 1.0314269221842827, 1.6864886012752998, 1.1685198116104267, 2.3995764876184955, 0.7044168400557378, 0.429371657432998]
================================================================================================

epoch:24
meta_reward = [10.613275082906087, 10.858850193023681, 14.032559352450901, 12.20209024217394, 8.928914313846166, 8.373025650448268, 9.25987556245592, 14.09209861755371, 14.653267033894855, 10.336800066630046, 20.669366794162325, 10.787141566806367, 26.130992465549046, 24.551795111762154, 17.138614188300235, 24.860649447970918, 21.050695419311527, 28.280804951985676, 29.45929506089952, 29.57964596218533, 22.385504362318255, 26.126136991712787, 24.407864973280166, 27.95405112372504, 25.48566597832574]
meta_std = [5.808835411079595, 4.020603273107622, 2.7771492690581203, 2.770249196452573, 3.826512578474713, 1.351507205033096, 3.5908899592349006, 1.252231835860067, 0.843424255861394, 0.8494021704031983, 1.2221423387234476, 1.1498933689755633, 2.1969245235544546, 3.3155534831926174, 1.6322403813513702, 0.7085403779819636, 0.43340969440688976, 0.33923587839092156, 1.0314269221842827, 1.6864886012752998, 1.1685198116104267, 2.3995764876184955, 0.7044168400557378, 0.429371657432998, 0.3963144035662922]
================================================================================================

epoch:25
meta_reward = [10.613275082906087, 10.858850193023681, 14.032559352450901, 12.20209024217394, 8.928914313846166, 8.373025650448268, 9.25987556245592, 14.09209861755371, 14.653267033894855, 10.336800066630046, 20.669366794162325, 10.787141566806367, 26.130992465549046, 24.551795111762154, 17.138614188300235, 24.860649447970918, 21.050695419311527, 28.280804951985676, 29.45929506089952, 29.57964596218533, 22.385504362318255, 26.126136991712787, 24.407864973280166, 27.95405112372504, 25.48566597832574, 21.548489422268336]
meta_std = [5.808835411079595, 4.020603273107622, 2.7771492690581203, 2.770249196452573, 3.826512578474713, 1.351507205033096, 3.5908899592349006, 1.252231835860067, 0.843424255861394, 0.8494021704031983, 1.2221423387234476, 1.1498933689755633, 2.1969245235544546, 3.3155534831926174, 1.6322403813513702, 0.7085403779819636, 0.43340969440688976, 0.33923587839092156, 1.0314269221842827, 1.6864886012752998, 1.1685198116104267, 2.3995764876184955, 0.7044168400557378, 0.429371657432998, 0.3963144035662922, 0.4610756436798706]
================================================================================================

epoch:26
meta_reward = [10.613275082906087, 10.858850193023681, 14.032559352450901, 12.20209024217394, 8.928914313846166, 8.373025650448268, 9.25987556245592, 14.09209861755371, 14.653267033894855, 10.336800066630046, 20.669366794162325, 10.787141566806367, 26.130992465549046, 24.551795111762154, 17.138614188300235, 24.860649447970918, 21.050695419311527, 28.280804951985676, 29.45929506089952, 29.57964596218533, 22.385504362318255, 26.126136991712787, 24.407864973280166, 27.95405112372504, 25.48566597832574, 21.548489422268336, 25.039557478162976]
meta_std = [5.808835411079595, 4.020603273107622, 2.7771492690581203, 2.770249196452573, 3.826512578474713, 1.351507205033096, 3.5908899592349006, 1.252231835860067, 0.843424255861394, 0.8494021704031983, 1.2221423387234476, 1.1498933689755633, 2.1969245235544546, 3.3155534831926174, 1.6322403813513702, 0.7085403779819636, 0.43340969440688976, 0.33923587839092156, 1.0314269221842827, 1.6864886012752998, 1.1685198116104267, 2.3995764876184955, 0.7044168400557378, 0.429371657432998, 0.3963144035662922, 0.4610756436798706, 0.3074270742368018]
================================================================================================

epoch:27
meta_reward = [10.613275082906087, 10.858850193023681, 14.032559352450901, 12.20209024217394, 8.928914313846166, 8.373025650448268, 9.25987556245592, 14.09209861755371, 14.653267033894855, 10.336800066630046, 20.669366794162325, 10.787141566806367, 26.130992465549046, 24.551795111762154, 17.138614188300235, 24.860649447970918, 21.050695419311527, 28.280804951985676, 29.45929506089952, 29.57964596218533, 22.385504362318255, 26.126136991712787, 24.407864973280166, 27.95405112372504, 25.48566597832574, 21.548489422268336, 25.039557478162976, 19.280985175238712]
meta_std = [5.808835411079595, 4.020603273107622, 2.7771492690581203, 2.770249196452573, 3.826512578474713, 1.351507205033096, 3.5908899592349006, 1.252231835860067, 0.843424255861394, 0.8494021704031983, 1.2221423387234476, 1.1498933689755633, 2.1969245235544546, 3.3155534831926174, 1.6322403813513702, 0.7085403779819636, 0.43340969440688976, 0.33923587839092156, 1.0314269221842827, 1.6864886012752998, 1.1685198116104267, 2.3995764876184955, 0.7044168400557378, 0.429371657432998, 0.3963144035662922, 0.4610756436798706, 0.3074270742368018, 1.052586208158587]
================================================================================================

